# timestamp(s), filename, filesize
0,0,10
0,1,10
0,2,10
0,3,10
0,4,10
0,5,10
0,6,10
0,7,10
0,8,10
0,9,10
1,10,10
1,11,10
1,12,10
1,13,10
1,14,10
1,15,10
1,16,10
1,17,10
1,18,10
1,19,10
2,20,10
2,21,10
2,22,10
2,23,10
2,24,10
2,25,10
2,26,10
2,27,10
2,28,10
2,29,10
3,30,10
3,31,10
3,32,10
3,33,10
3,34,10
3,35,10
3,36,10
3,37,10
3,38,10
3,39,10
4,40,10
4,41,10
4,42,10
4,43,10
4,44,10
4,45,10
4,46,10
4,47,10
4,48,10
4,49,10
5,50,10
5,51,10
5,52,10
5,53,10
5,54,10
6,55,10
6,56,10
6,57,10
6,58,10
6,59,10