0,0,200
0,1,200
0,2,200
0,3,200
0,4,200
0,5,200
0,6,200
0,7,200
0,8,200
1,9,200
1,10,200
1,11,200
1,12,200
1,13,200
2,14,200
2,15,200
3,16,200
3,17,200
3,18,200
3,19,200
4,20,200
4,21,200
4,22,200
5,23,200
5,24,200
5,25,200
5,26,200
5,27,200
5,28,200
5,29,200
5,30,200
5,31,200
6,32,200
6,33,200
6,34,200
6,35,200
7,36,200
7,37,200
7,38,200
7,39,200
7,40,200
7,41,200
8,42,200
8,43,200
9,44,200
9,45,200
9,46,200
9,47,200
9,48,200
9,49,200
9,50,200
9,51,200
10,52,200
10,53,200
10,54,200
10,55,200
10,56,200
10,57,200
10,58,200
10,59,200
10,60,200
10,61,200
10,62,200
10,63,200
11,64,200
11,65,200
11,66,200
11,67,200
11,68,200
11,69,200
11,70,200
11,71,200
11,72,200
12,73,200
12,74,200
12,75,200
12,76,200
12,77,200
12,78,200
12,79,200
12,80,200